185
175
168
126
126
134
146
148
151
149
148
148
149
147
146
138
154
173
172
174
193
158
140
144
124
175
166
154
106
106
117
129
132
133
133
130
131
132
131
130
121
133
161
161
158
175
176
122
102
67
175
158
154
102
105
117
126
130
132
136
148
162
159
141
127
119
127
153
156
152
148
188
128
64
52
149
138
155
97
102
113
123
124
125
133
148
176
194
186
152
108
126
150
137
148
147
143
86
50
55
121
134
154
98
102
112
123
118
121
134
143
172
198
210
204
142
120
147
103
140
147
90
50
53
107
112
133
154
96
101
111
124
114
126
135
153
181
198
205
211
195
145
148
78
147
146
51
51
92
154
118
135
157
98
101
116
134
114
124
140
170
182
188
195
200
204
178
165
162
210
161
53
71
138
162
119
137
161
99
100
117
148
115
130
145
161
173
174
178
183
186
194
199
208
192
125
51
113
161
162
120
140
162
99
99
118
168
125
135
140
140
129
134
123
157
188
200
202
173
144
78
78
152
162
160
124
140
163
98
99
110
166
133
130
121
95
72
80
113
173
192
178
149
136
97
52
111
165
164
160
123
136
164
99
100
108
151
134
111
82
67
58
105
166
180
193
171
103
95
52
67
141
166
165
162
120
133
165
101
103
114
128
117
79
57
64
106
168
165
174
200
192
95
78
55
95
158
161
157
155
119
131
167
102
101
127
108
91
67
57
80
158
133
110
135
178
134
69
84
58
125
160
160
156
148
112
125
170
106
112
110
90
83
75
51
126
160
125
144
142
170
113
68
89
72
145
157
154
150
166
100
117
169
110
111
84
79
63
84
87
121
119
163
170
145
178
141
75
91
94
156
153
146
172
203
95
117
167
111
100
85
86
67
91
97
82
120
151
159
135
166
128
65
93
122
157
151
157
200
212
96
126
169
112
89
79
96
96
108
84
69
120
144
148
150
162
95
61
97
146
154
148
168
210
215
86
129
172
111
80
85
105
130
102
54
65
101
135
135
141
127
64
67
100
156
154
146
177
218
216
83
127
169
103
70
82
109
116
59
53
56
69
110
144
158
114
54
73
105
149
150
142
185
218
182
107
112
168
101
67
78
96
122
84
56
55
73
117
141
163
172
132
80
105
136
127
123
187
168
103
138
121
171
96
56
62
72
112
104
62
58
83
123
143
159
184
209
143
105
147
137
151
196
127
100
126
125
172
88
55
62
61
99
103
70
71
102
130
142
152
174
202
193
132
146
139
179
181
105
102
119
131
171
90
52
55
61
93
71
56
88
113
140
142
146
164
192
213
147
116
125
182
141
96
97
132
143
170
87
52
59
58
89
62
59
97
116
142
145
144
155
179
208
164
93
110
145
95
89
90
154
172
177
107
89
102
102
106
95
110
138
153
158
163
165
168
182
207
190
133
134
132
113
118
112
