161
165
172
171
169
166
160
139
107
93
101
109
108
108
106
107
113
118
123
127
129
132
132
135
135
134
134
134
135
136
136
135
135
135
136
135
134
134
134
135
134
133
134
137
140
136
135
135
133
134
132
130
131
132
132
130
127
125
114
111
116
141
158
166
169
167
167
166
165
162
162
160
157
157
157
156
157
205
224
226
183
115
115
122
124
126
125
127
133
135
139
121
164
170
173
170
165
167
160
138
101
91
100
107
109
108
107
108
113
118
125
126
130
131
132
134
132
133
134
134
134
134
135
133
135
140
138
132
130
128
130
132
130
130
131
134
135
135
135
136
131
132
132
131
131
131
132
131
127
127
116
111
118
138
155
165
167
167
165
165
164
162
161
161
159
159
157
156
152
175
219
227
219
147
112
120
125
127
125
127
131
137
120
61
170
174
172
168
164
167
162
137
102
94
101
107
110
108
105
106
112
117
123
127
127
131
133
133
131
133
133
135
134
135
135
135
133
137
136
132
127
126
126
130
131
129
129
133
133
134
137
133
132
133
132
130
131
130
132
131
128
123
115
113
118
136
150
161
165
165
164
165
164
162
161
162
161
161
159
157
153
150
197
222
229
207
126
116
120
125
126
129
135
119
60
49
173
171
170
166
164
166
160
137
99
90
101
108
106
107
106
106
112
118
124
122
127
129
129
133
131
130
132
134
132
132
134
136
133
134
133
131
128
126
127
128
126
124
125
130
133
134
137
134
132
133
132
131
130
130
131
131
127
123
120
113
117
135
148
157
161
163
163
162
161
162
160
163
162
161
160
157
153
147
169
217
230
228
171
107
116
123
126
135
116
61
45
51
168
165
163
166
165
166
160
136
98
90
102
106
107
108
106
106
111
117
124
124
127
128
128
130
129
131
133
133
131
132
133
134
132
133
132
132
132
130
128
128
126
123
122
124
129
133
132
132
132
132
134
133
131
131
131
130
126
121
118
115
117
132
145
152
157
160
162
160
160
160
160
160
161
159
155
152
149
147
147
195
226
231
216
121
111
117
126
116
59
45
50
57
158
154
158
167
166
169
161
139
101
90
99
106
110
108
106
106
114
117
124
126
127
128
131
131
131
133
133
133
132
134
136
133
132
132
137
139
145
149
159
176
181
185
186
166
143
122
124
128
129
133
135
134
131
131
131
130
126
122
117
114
115
131
145
150
152
157
160
161
157
159
160
160
157
156
151
150
148
148
146
163
215
229
230
184
112
122
113
55
46
47
54
60
146
142
157
169
167
170
162
138
98
88
96
105
106
107
108
108
115
120
125
126
128
131
129
132
134
132
134
133
132
132
132
132
134
145
156
148
153
166
175
178
186
183
178
188
192
195
168
134
123
128
131
132
131
131
128
127
123
121
117
113
114
133
145
150
150
154
157
159
159
157
156
156
154
151
149
145
145
146
145
146
186
222
233
226
152
112
57
43
47
49
55
54
128
135
160
170
170
170
163
138
95
86
96
102
103
105
104
110
113
119
123
125
127
127
128
130
131
132
132
130
139
144
143
131
139
145
148
152
153
157
163
170
178
182
184
188
191
198
203
198
155
122
127
131
126
129
127
125
120
117
115
110
114
132
147
151
149
152
153
157
156
154
152
150
151
148
147
146
144
145
145
145
149
209
230
236
210
62
43
46
51
54
55
52
104
133
161
172
171
170
164
140
97
81
90
98
100
103
104
107
111
116
121
123
122
127
128
129
130
129
137
137
141
133
129
126
136
138
134
144
147
155
166
164
176
178
189
190
193
196
196
202
204
182
134
116
122
123
122
122
120
116
113
108
112
132
147
154
150
151
150
153
155
155
147
147
148
150
147
147
146
145
148
148
144
172
222
236
184
40
44
49
56
55
51
45
90
134
162
172
171
169
160
137
96
78
91
98
103
103
103
106
110
113
118
119
121
126
126
129
129
128
138
110
126
124
126
125
135
136
134
142
140
145
157
167
180
181
188
193
189
196
198
201
204
203
197
149
111
113
115
119
117
114
111
108
111
132
150
157
154
149
147
146
148
155
149
146
148
150
147
147
146
148
149
148
150
153
204
191
66
44
45
53
56
55
50
53
93
134
161
173
172
169
159
136
93
80
92
101
103
105
103
103
109
114
117
119
121
123
124
127
127
142
124
118
117
120
126
128
133
137
140
137
142
144
150
162
170
178
186
190
197
197
200
204
202
203
205
204
166
115
103
113
114
111
111
108
108
131
153
160
160
154
143
134
135
148
153
147
150
152
146
147
147
149
151
152
154
159
146
60
46
45
53
53
50
46
56
52
94
135
161
172
174
168
160
136
93
80
92
103
101
102
103
106
109
114
119
118
122
124
126
125
128
139
116
111
116
122
124
130
130
133
136
141
140
143
152
158
170
183
193
191
193
199
199
200
196
200
211
218
226
228
126
99
108
106
107
105
110
132
153
162
161
157
142
118
113
136
153
151
150
152
147
148
149
149
150
153
157
153
79
46
47
49
53
52
46
55
53
49
97
134
160
172
174
170
158
133
95
82
94
99
104
102
105
106
109
115
118
119
123
125
125
128
132
116
113
118
122
125
124
124
126
131
138
138
139
141
143
157
169
184
190
193
196
191
185
199
216
217
216
218
218
230
216
90
98
102
103
101
106
131
151
161
159
158
145
114
78
111
143
151
149
152
148
148
148
149
151
155
159
96
41
43
50
54
54
47
52
53
49
55
97
134
160
172
171
171
158
133
95
82
93
98
102
106
106
105
110
113
118
119
124
125
125
129
119
112
114
117
122
121
123
120
129
134
142
140
143
146
150
155
164
177
187
189
176
195
218
216
211
214
214
214
216
219
230
185
84
94
99
98
104
129
151
160
159
157
148
117
59
81
129
151
152
149
148
149
150
149
151
158
125
52
46
50
57
55
50
51
55
46
57
70
95
133
159
169
172
170
159
132
95
84
96
102
100
103
104
105
109
114
118
121
123
126
127
125
112
117
117
121
122
117
117
129
132
138
142
146
150
147
145
152
164
178
170
176
211
210
210
216
210
208
210
214
218
219
226
228
153
83
87
92
101
131
152
161
160
160
149
121
58
61
109
140
154
150
147
148
149
150
155
149
62
45
47
56
54
50
47
59
49
53
60
79
96
131
157
169
172
168
159
132
95
79
95
100
102
103
103
108
108
113
120
120
122
125
133
117
119
115
116
120
118
124
126
133
134
141
141
143
146
141
145
151
162
157
185
204
207
212
207
206
204
209
210
209
211
216
218
222
227
184
87
84
97
129
151
160
160
159
152
119
62
48
79
122
146
152
147
146
149
153
156
100
40
43
57
57
55
45
55
50
51
57
63
108
98
132
157
169
171
168
159
133
96
80
92
99
101
105
102
104
107
114
119
122
122
142
125
109
113
118
115
117
117
124
132
136
144
146
146
145
141
137
139
137
160
191
205
200
199
200
201
205
208
210
213
214
215
214
217
216
222
226
178
69
91
128
150
160
160
159
150
119
64
44
49
93
133
150
149
144
151
156
125
46
45
51
56
56
50
54
53
52
53
54
99
147
98
133
157
168
169
168
161
136
96
81
91
98
101
105
104
105
110
114
117
118
115
174
114
109
113
115
117
120
122
130
131
141
145
135
144
145
138
128
136
169
196
194
199
200
193
198
200
208
211
210
210
213
213
211
213
214
220
225
227
128
82
123
148
159
160
159
150
120
67
46
42
57
104
139
166
150
153
148
71
44
49
56
56
55
51
54
51
56
45
78
143
150
94
131
157
169
169
168
161
136
97
79
90
97
99
101
101
106
110
112
116
115
126
181
108
108
112
117
115
118
124
132
138
140
142
137
143
129
125
139
178
195
189
194
190
186
195
204
205
205
208
211
208
208
211
208
215
216
215
219
231
205
75
120
149
157
159
160
153
121
68
46
44
38
144
214
211
211
216
135
44
48
57
56
55
56
57
49
57
47
66
132
152
145
92
129
156
169
170
169
160
135
91
76
87
95
100
101
99
105
108
110
114
110
170
171
106
109
113
119
120
122
128
134
136
131
137
140
132
116
155
181
184
186
185
180
189
193
194
202
203
201
200
200
206
210
211
211
209
214
214
213
222
229
123
114
150
158
161
159
152
117
65
42
47
164
210
206
223
231
236
195
44
48
56
56
53
52
51
55
57
51
113
155
147
159
94
128
155
171
173
170
160
134
92
78
84
97
103
104
103
105
108
112
118
114
183
155
102
107
113
117
118
124
135
127
124
134
133
126
113
165
181
177
173
177
182
189
182
198
194
194
198
195
200
204
205
207
207
207
208
213
213
215
215
224
203
110
144
162
163
159
149
113
49
71
196
197
204
225
220
220
225
218
43
48
54
55
51
49
50
56
54
90
152
151
156
164
100
129
156
170
174
172
163
137
95
80
91
99
103
106
105
106
111
113
117
108
203
148
105
109
106
114
122
127
124
124
134
135
130
121
161
172
169
171
176
185
187
185
193
190
192
187
185
196
202
204
202
201
206
206
203
204
205
211
211
214
220
184
147
158
161
158
140
97
138
203
196
211
220
216
207
215
227
218
42
51
57
49
48
48
53
49
57
139
155
154
166
165
100
130
156
170
173
174
166
138
96
81
93
101
105
107
107
103
112
114
116
124
210
131
102
104
112
114
115
123
126
131
128
124
121
160
162
158
162
168
180
182
187
185
185
187
180
182
190
195
193
200
201
206
206
190
188
205
209
208
208
205
210
218
189
158
156
151
152
187
207
197
215
216
212
209
211
219
228
206
45
50
54
54
47
53
54
42
103
157
152
162
166
163
105
132
155
169
176
177
169
140
95
82
93
100
103
106
104
103
107
112
109
152
196
136
111
108
106
106
117
118
128
122
123
128
149
160
153
152
157
170
181
180
174
182
187
172
183
184
190
185
188
190
198
199
189
192
193
201
202
202
202
203
198
201
209
157
158
183
210
196
205
215
212
209
210
211
214
222
229
195
49
55
51
49
46
51
54
76
144
154
156
166
165
163
104
132
159
172
179
179
171
141
96
82
93
99
103
104
101
104
106
109
103
176
194
143
112
110
109
111
117
120
123
127
128
153
154
147
146
153
164
168
168
177
178
171
171
180
180
183
182
183
188
193
185
185
194
187
196
198
197
194
194
194
191
191
196
186
204
202
204
210
213
209
208
209
212
209
210
220
230
169
47
51
55
47
49
54
67
123
155
153
163
166
165
163
106
130
158
174
180
179
170
140
98
81
92
98
102
103
102
102
105
108
100
180
193
151
126
119
108
112
113
125
127
124
147
149
149
137
151
157
154
156
174
177
171
173
178
178
181
180
182
176
183
187
190
190
187
196
194
193
187
181
191
186
179
182
197
198
202
209
215
206
208
207
207
211
211
188
206
218
225
111
45
49
55
48
54
50
90
151
153
160
166
166
165
162
103
131
159
175
180
179
170
142
97
83
95
98
105
101
102
103
105
105
99
180
189
163
143
128
112
107
116
120
121
146
145
148
130
149
154
154
150
156
164
163
175
177
174
173
181
176
172
172
175
177
178
185
190
189
187
182
189
183
178
174
195
197
196
207
210
206
205
205
207
208
210
212
192
166
189
199
199
46
51
51
50
47
50
66
132
156
155
165
166
165
166
164
104
133
161
174
177
176
169
143
97
82
93
98
103
102
102
101
105
105
96
180
186
165
147
141
110
103
113
119
144
140
141
129
142
154
147
150
153
158
152
167
168
173
173
172
167
173
171
165
167
172
179
176
183
182
177
177
177
172
180
190
193
205
210
206
200
199
203
208
208
209
213
208
167
177
149
193
164
43
56
52
47
50
58
107
155
152
162
166
165
164
164
164
105
134
160
174
177
177
170
144
98
81
93
101
100
101
101
103
102
103
91
193
190
167
154
144
124
109
117
143
140
137
127
145
150
142
142
146
155
146
164
160
163
163
158
166
171
164
161
172
171
171
173
172
169
167
172
167
165
191
185
199
205
201
198
199
202
204
209
210
210
213
217
177
171
160
161
204
81
47
51
50
54
51
72
147
153
156
165
165
163
162
164
162
110
135
161
175
178
178
170
146
95
79
92
98
100
98
101
102
101
99
87
203
202
179
164
156
139
110
138
135
138
126
142
143
144
135
139
152
142
158
151
142
136
143
137
147
109
161
167
164
162
166
164
155
158
163
155
181
189
190
204
204
196
196
200
204
206
209
211
211
212
216
203
164
139
111
165
197
38
49
53
51
58
55
108
157
152
163
166
164
162
161
162
161
111
137
161
176
180
179
172
146
97
77
91
99
101
103
104
102
102
99
87
204
206
183
162
156
149
122
126
133
119
139
143
138
129
137
145
138
154
147
127
140
120
97
97
169
156
123
120
135
147
124
124
115
76
162
183
178
194
209
201
202
200
200
204
207
209
211
211
211
214
208
159
107
94
138
216
124
43
49
48
50
54
70
141
152
156
166
165
164
162
162
162
160
115
138
162
177
179
180
172
147
98
78
92
98
100
102
104
102
103
99
89
191
206
198
154
134
135
116
128
115
134
141
139
130
135
140
132
148
138
128
136
112
108
105
97
132
130
89
80
97
76
57
48
47
107
179
177
204
204
203
201
203
198
201
206
208
206
212
213
198
163
112
92
98
135
196
183
50
51
51
51
54
44
105
152
149
166
166
165
165
163
162
160
160
114
137
162
176
177
179
172
147
95
79
90
99
102
102
104
101
101
99
90
175
211
205
154
136
143
124
115
126
142
137
127
134
138
131
143
135
127
136
117
114
98
74
68
102
108
91
106
76
88
46
46
132
155
183
197
200
201
199
198
200
198
200
203
207
209
203
152
96
90
99
126
160
199
142
46
47
52
48
52
56
57
137
152
160
170
167
166
166
164
163
162
162
112
138
160
175
176
177
171
148
98
80
89
98
99
100
104
100
104
104
96
147
211
202
168
143
148
120
122
138
137
124
132
136
130
142
140
129
135
109
84
83
67
56
95
114
65
87
93
76
87
60
135
155
180
195
187
194
196
194
194
197
198
201
205
201
158
122
130
119
137
158
171
193
159
45
51
55
53
44
55
59
96
151
150
168
170
169
167
167
165
164
162
162
111
135
160
175
177
177
172
147
100
77
91
98
100
103
103
101
101
104
100
93
207
203
188
165
148
119
137
138
117
128
132
128
135
121
127
126
93
75
77
54
55
58
102
66
89
106
79
67
80
148
152
192
196
186
189
188
187
189
193
198
199
202
159
92
118
121
154
169
173
179
196
157
47
48
55
56
50
50
54
52
132
151
157
170
170
170
167
168
164
165
163
162
107
133
161
175
177
178
173
149
101
76
91
96
98
100
100
100
102
107
107
96
171
214
180
180
123
135
133
121
131
128
126
134
138
118
80
84
81
76
55
82
42
80
63
59
82
96
91
79
142
150
194
200
194
188
188
184
182
185
196
197
195
149
76
103
121
122
137
165
178
195
138
54
47
52
58
56
49
49
54
80
139
145
167
172
171
169
168
168
167
164
163
163
101
130
159
176
179
180
173
149
99
78
87
94
100
99
102
101
104
108
111
106
97
206
202
191
135
127
129
127
134
134
127
128
129
98
90
83
85
45
73
93
56
69
63
65
56
90
111
135
120
195
199
194
188
185
187
178
187
189
191
192
200
173
96
110
105
137
133
173
185
101
45
46
55
53
57
51
48
54
59
108
135
147
173
172
168
168
169
168
167
166
164
165
97
127
159
174
178
181
174
150
100
75
87
96
100
100
99
102
104
110
115
111
100
182
214
196
136
123
114
130
122
129
133
130
101
71
71
91
71
54
67
84
68
48
51
56
48
85
94
135
168
186
188
184
177
181
182
181
181
194
200
203
206
198
132
76
99
102
141
155
92
43
47
53
57
58
59
46
50
52
74
128
131
158
172
171
170
168
169
168
168
167
167
164
94
126
157
175
178
181
175
150
100
76
89
97
101
102
102
101
104
110
116
114
104
177
222
184
117
122
126
117
136
136
120
89
77
62
46
68
76
75
60
100
92
49
46
43
75
111
126
170
186
191
190
170
175
185
169
180
195
204
205
205
206
201
152
83
50
86
138
153
81
45
47
55
58
62
54
48
50
49
103
138
137
161
170
170
171
167
168
168
169
167
166
165
98
126
157
175
179
180
174
151
101
77
89
98
103
104
103
103
107
110
118
117
110
154
224
147
112
118
120
129
123
118
109
53
77
45
49
56
76
73
65
54
109
75
38
69
141
148
164
161
187
196
179
168
179
176
174
189
200
205
208
210
214
212
173
93
43
70
125
161
59
49
53
55
60
64
50
48
53
60
129
138
153
157
159
165
168
168
168
166
168
168
166
163
96
125
157
174
179
180
176
150
104
78
89
100
105
109
106
104
104
130
126
118
116
114
215
137
121
115
130
132
102
78
66
57
71
55
60
50
57
60
85
86
95
40
59
142
152
183
168
159
184
191
174
174
165
169
181
196
203
207
209
213
217
218
193
111
51
49
105
163
75
55
56
58
63
61
47
53
52
80
143
142
166
161
158
157
156
160
162
163
166
166
166
164
95
124
156
175
181
181
175
150
104
82
93
102
104
105
106
105
108
120
118
123
123
117
179
155
115
133
133
125
85
68
62
43
75
55
63
56
57
52
81
78
113
70
130
143
180
191
180
155
193
186
169
163
167
177
184
197
202
208
211
213
217
220
205
127
65
43
86
166
82
54
57
60
63
59
48
54
48
115
143
152
171
166
162
160
157
156
154
152
153
159
161
160
94
124
155
176
181
182
176
152
101
82
92
100
105
106
108
105
109
115
120
118
117
120
122
123
131
137
129
87
60
78
69
53
60
86
51
52
71
64
53
84
47
125
139
169
169
192
189
163
185
165
165
167
176
181
185
194
203
206
207
211
216
220
213
149
84
42
60
158
89
53
59
63
65
51
52
52
72
137
142
163
168
167
166
169
167
163
160
153
152
152
150
149
94
125
158
175
181
182
177
151
102
80
91
101
104
107
105
107
109
115
121
123
127
145
121
143
129
130
120
65
83
86
73
50
79
69
43
53
72
73
72
60
101
122
174
179
164
192
194
182
141
148
164
172
180
185
183
189
199
202
203
209
212
218
213
161
75
42
57
144
112
65
64
66
63
51
56
49
98
142
145
166
168
167
165
168
170
169
163
160
155
153
150
148
95
123
157
175
183
183
176
153
103
81
91
99
106
107
107
106
107
116
121
125
169
122
45
102
181
103
72
93
51
108
68
53
59
61
52
53
78
77
46
70
131
169
183
190
164
197
187
130
131
115
90
112
157
184
184
181
194
199
196
203
208
204
166
109
59
41
59
127
127
61
66
65
57
50
57
54
122
139
154
167
164
164
163
163
165
166
163
161
160
159
158
156
93
121
154
176
181
183
178
154
104
83
92
101
107
105
102
105
108
111
118
149
151
137
101
111
113
81
81
83
86
79
89
69
56
88
46
42
63
83
54
129
163
182
200
173
190
170
122
136
130
151
115
101
91
131
169
175
190
199
196
190
152
107
101
119
95
55
50
121
137
59
66
65
50
54
57
73
137
137
163
165
164
162
162
161
162
164
162
159
159
161
161
161
88
121
155
175
183
183
177
155
105
81
89
100
105
105
102
101
101
133
153
155
159
159
147
85
58
79
107
74
95
43
74
79
41
64
88
47
46
42
106
151
182
193
204
189
159
81
74
61
54
64
53
97
130
130
150
165
190
203
199
159
103
70
53
62
67
54
51
114
147
69
63
59
50
51
51
95
143
145
165
164
161
161
161
160
161
162
160
159
159
159
160
159
83
114
154
177
182
183
177
152
105
77
90
98
101
102
100
95
122
193
154
153
146
124
63
48
96
85
75
96
98
48
60
90
64
43
81
72
50
60
132
178
182
204
204
152
70
50
64
55
61
153
121
66
119
130
144
159
191
216
169
61
60
124
95
51
57
48
54
102
148
80
64
54
50
53
49
120
144
156
164
162
159
159
159
161
160
160
160
159
159
155
157
151
78
115
155
178
183
186
180
152
106
82
94
103
104
105
105
93
88
167
177
169
118
85
54
84
58
73
59
116
103
49
48
56
81
44
51
45
46
103
152
178
194
206
175
113
89
59
102
80
87
195
200
114
114
121
137
158
200
214
113
82
80
145
133
53
48
49
66
104
152
83
67
54
53
50
60
140
144
161
162
162
157
158
158
158
159
158
158
157
154
152
151
146
76
114
154
177
185
188
180
154
109
86
99
108
111
115
88
79
120
173
205
154
63
62
103
74
70
78
91
119
120
59
46
46
53
51
52
39
78
132
178
190
205
171
126
132
141
107
113
125
162
200
189
141
128
124
134
158
209
205
122
130
132
169
117
58
55
48
64
98
158
87
68
49
52
51
82
144
149
163
160
159
156
158
164
159
159
158
156
154
151
148
145
141
77
111
154
177
186
190
184
158
112
86
100
111
115
130
92
140
140
133
101
51
88
109
101
53
84
86
78
121
127
94
45
45
49
49
46
42
123
156
181
202
172
116
137
144
150
147
139
125
139
136
161
162
134
134
133
154
206
215
162
141
130
111
86
86
57
46
69
90
164
99
62
50
54
51
122
140
156
162
159
158
156
156
160
157
157
158
153
149
145
141
140
152
68
108
153
175
186
189
184
158
111
86
98
109
112
122
159
137
88
85
63
59
62
116
114
66
58
79
107
102
109
83
54
47
49
50
42
95
135
182
197
181
103
124
142
157
160
161
157
155
159
166
169
165
139
142
133
147
200
220
179
158
141
127
113
105
64
47
67
88
165
105
60
49
57
51
135
140
161
161
159
156
157
156
156
156
155
153
150
146
142
137
163
190
64
102
151
175
186
189
183
158
112
84
97
109
114
124
127
142
135
83
59
81
107
94
98
42
57
104
91
113
138
86
59
50
45
50
47
136
156
194
190
84
111
129
141
156
166
173
180
176
178
176
176
161
145
141
133
141
195
223
187
166
149
138
129
113
65
53
63
76
174
108
57
49
50
76
141
146
163
161
158
157
156
157
155
154
151
149
146
143
138
165
197
204
62
103
151
176
184
187
183
158
110
83
95
118
140
139
129
79
79
62
76
90
117
116
59
47
46
63
91
101
52
126
90
47
47
45
102
132
189
201
105
82
118
129
142
154
164
176
182
182
184
183
178
162
153
145
136
139
188
225
186
168
151
139
133
119
63
56
65
63
163
123
49
51
47
107
143
156
163
160
158
156
156
156
154
151
150
147
142
138
161
194
203
203
63
100
151
174
184
185
181
155
111
84
97
108
115
113
101
97
91
80
89
91
123
81
51
50
50
52
60
66
58
120
123
46
42
42
136
165
199
152
52
90
121
130
139
150
158
171
180
186
184
177
171
158
149
144
132
140
180
226
188
167
155
142
135
114
59
55
72
51
156
128
44
56
49
128
143
168
162
159
159
154
154
152
151
151
150
145
139
145
187
202
200
200
56
100
150
172
180
182
180
156
110
80
107
104
133
126
111
111
100
89
73
82
120
83
60
59
45
46
69
57
68
124
123
108
36
98
121
202
190
42
63
88
117
132
139
147
158
164
172
181
180
174
167
153
141
139
129
137
169
223
193
164
155
142
133
103
49
57
73
42
154
136
46
56
65
140
147
169
161
160
158
156
153
151
150
148
148
143
137
174
200
201
199
201
53
99
149
173
180
181
178
156
109
75
117
131
133
107
89
116
99
68
108
109
130
106
57
56
39
53
91
75
105
168
101
82
32
132
153
202
97
38
74
85
115
131
136
144
154
161
166
170
173
172
166
148
137
135
127
132
164
216
200
163
153
140
131
86
48
62
72
42
145
143
57
51
92
144
155
164
161
159
159
156
154
153
151
147
144
140
150
193
201
200
200
208
48
94
149
173
181
183
181
157
108
77
99
121
124
102
91
98
84
82
102
95
131
103
53
52
48
58
84
114
115
103
65
41
88
121
187
146
38
40
84
85
113
129
136
143
151
157
159
162
168
168
159
141
127
138
133
131
157
209
209
156
152
139
125
62
49
66
70
43
135
152
77
43
120
146
163
162
159
157
156
156
155
154
152
148
143
139
175
203
201
200
207
215
50
97
148
174
180
183
182
157
113
102
117
108
121
86
91
110
74
93
87
99
120
100
87
57
63
47
87
63
110
49
38
97
168
165
171
72
42
47
93
83
115
129
134
142
147
154
157
160
163
164
156
138
127
140
141
130
147
201
197
153
148
136
108
44
51
66
66
48
122
161
87
45
137
148
164
160
158
156
156
156
153
154
151
147
141
148
193
203
200
205
212
214
63
110
153
172
179
183
182
160
116
82
92
105
118
89
93
113
60
118
82
96
116
117
95
50
72
47
49
103
92
49
40
136
185
196
82
41
46
44
99
93
115
126
134
140
149
152
157
158
162
163
160
147
130
116
107
110
128
177
177
152
145
133
77
47
53
67
66
48
106
158
102
76
147
152
163
159
156
155
156
154
152
149
149
146
139
161
200
204
204
212
214
214
80
123
158
172
175
182
184
160
114
81
94
108
120
69
89
65
97
80
84
106
111
138
122
46
99
123
42
93
72
107
144
117
158
124
41
63
51
45
107
97
119
127
133
137
144
149
152
156
160
162
162
156
146
135
142
142
182
194
167
153
140
116
50
49
57
80
71
54
85
156
107
108
151
158
162
159
157
155
154
155
151
151
148
145
138
177
202
204
210
215
215
214
82
129
161
172
176
184
183
161
116
81
93
110
141
79
83
108
86
58
73
92
109
119
137
87
89
88
59
80
145
172
145
120
164
48
55
61
59
50
106
100
121
130
133
140
145
146
149
155
159
161
161
158
154
151
177
189
199
197
163
149
138
81
50
48
66
84
74
61
59
149
109
128
150
161
161
158
157
155
154
151
152
151
146
144
138
185
202
207
214
216
213
215
81
128
159
172
176
183
184
162
116
77
93
132
124
77
105
81
71
66
75
73
99
84
132
110
118
55
79
116
167
179
98
147
71
57
51
60
63
47
99
105
118
130
134
139
143
146
146
146
153
154
156
152
154
159
193
201
203
198
158
146
126
51
50
50
65
81
72
58
48
144
108
141
151
161
160
157
154
154
154
150
150
149
147
140
140
191
204
212
216
215
216
215
79
126
160
173
179
184
185
164
115
77
115
110
123
73
105
58
64
66
85
86
81
87
101
131
86
90
153
178
184
122
135
90
47
73
50
58
70
46
87
96
109
128
134
137
142
145
142
144
140
143
146
146
149
153
164
183
180
172
140
143
89
46
56
53
70
81
75
62
41
142
120
146
152
161
159
156
153
153
153
152
150
148
146
139
142
194
209
217
216
216
217
216
82
128
162
177
183
185
184
161
112
105
112
116
131
63
67
67
66
61
106
108
98
84
110
102
92
140
172
214
138
119
139
45
45
66
48
57
71
44
77
88
103
126
133
133
138
145
148
143
109
112
118
121
116
112
115
133
117
121
130
134
53
51
49
56
65
79
73
63
43
132
140
151
154
162
158
157
155
152
152
153
149
149
147
137
146
198
216
218
217
216
217
217
90
130
161
177
183
187
184
161
130
122
87
134
112
68
72
50
73
73
127
106
100
102
89
93
118
149
162
182
119
161
67
53
46
58
47
61
66
54
70
83
91
118
125
129
134
139
151
149
138
129
126
130
144
168
174
190
158
145
146
89
47
53
47
59
64
76
73
71
47
129
155
152
156
161
158
157
158
155
152
152
151
150
146
136
153
207
219
219
218
218
219
220
92
125
160
174
185
187
185
168
124
74
117
122
95
91
73
51
91
84
128
104
88
101
109
113
152
143
175
132
167
88
52
57
51
55
52
59
65
59
70
78
82
110
117
123
130
136
142
148
146
136
130
131
136
148
154
149
146
151
122
47
50
55
52
60
66
79
76
74
51
125
159
154
159
161
159
159
158
156
155
152
150
148
145
134
155
214
222
220
219
221
221
222
93
120
153
175
185
186
185
161
110
72
122
109
76
113
55
65
76
72
151
113
127
87
118
125
122
128
181
176
117
53
55
59
52
55
56
61
63
63
67
73
70
95
107
115
125
134
140
144
145
140
137
133
131
129
133
147
152
140
69
44
50
55
59
58
79
82
78
75
57
120
163
154
159
160
160
160
160
160
156
152
148
146
142
130
155
218
224
221
221
223
222
218
106
125
149
172
183
184
184
163
115
72
116
98
76
90
52
64
64
71
153
113
135
117
93
128
105
121
208
153
49
53
51
58
50
56
54
55
60
63
54
66
63
77
96
110
121
133
139
142
144
144
147
152
163
170
162
160
150
111
60
44
52
60
57
53
86
83
78
77
63
118
168
154
162
162
159
159
157
158
156
153
149
146
139
126
156
222
226
222
222
221
219
218
105
125
150
172
181
184
183
162
114
75
101
92
72
88
57
66
55
68
129
89
120
131
110
130
136
98
137
64
53
51
54
65
49
56
55
50
56
61
55
62
60
67
64
89
105
127
135
140
147
151
163
168
172
172
174
162
151
61
63
51
56
63
60
50
91
90
81
76
63
121
169
156
162
161
157
157
156
157
156
152
146
144
139
126
170
225
225
220
219
221
222
219
100
129
152
173
181
184
183
163
112
71
101
68
58
90
60
62
56
62
139
78
85
119
136
128
148
107
92
60
53
53
55
67
51
61
55
52
51
58
59
59
61
69
55
56
81
110
121
133
142
149
157
169
175
171
172
156
134
51
58
59
57
65
55
51
95
90
80
82
68
122
168
154
154
156
154
157
155
154
154
149
144
142
136
122
186
228
223
219
221
222
220
215
94
120
154
173
179
183
181
160
106
123
126
87
67
75
64
66
52
48
140
116
80
113
107
119
154
136
142
76
50
52
62
76
47
62
51
55
51
52
61
63
62
66
76
67
86
94
107
119
129
140
154
160
170
167
165
150
125
53
58
59
57
60
56
57
93
92
83
86
72
130
166
133
126
137
143
145
151
152
153
148
145
139
133
122
205
225
220
219
219
217
214
204
79
110
150
172
179
180
180
156
152
152
79
91
54
81
67
63
65
52
125
130
89
75
115
126
129
124
101
158
88
49
63
73
50
62
52
52
50
50
56
59
59
52
79
102
124
132
137
142
141
147
155
158
158
161
170
188
196
173
128
67
56
58
49
57
90
87
86
85
75
135
154
121
117
118
121
123
126
134
140
142
140
137
128
132
215
221
216
217
216
212
202
170
63
89
140
170
177
177
180
177
138
77
120
55
43
78
61
57
97
66
81
126
109
120
146
95
104
117
105
154
134
73
59
66
51
66
54
51
54
53
54
63
58
54
79
113
127
130
130
136
141
144
148
147
147
152
172
190
204
207
209
193
140
61
45
51
89
86
83
83
75
137
145
136
137
129
122
115
109
108
111
115
117
119
115
133
213
214
213
216
216
206
170
99
58
74
133
168
176
177
184
166
112
126
132
42
44
62
94
45
105
89
51
98
121
103
102
107
111
128
122
141
87
113
60
60
48
65
54
51
60
54
54
60
67
55
72
109
121
128
132
134
141
144
145
144
149
159
176
192
198
202
207
211
214
193
100
45
79
82
78
77
73
135
145
149
145
141
137
132
123
115
106
99
95
116
105
110
210
213
217
215
207
177
94
62
65
68
133
168
177
178
179
160
155
142
74
44
40
79
112
110
100
76
73
93
97
103
72
89
122
141
140
102
108
104
105
57
52
66
58
52
59
59
52
66
75
63
75
109
121
129
130
137
145
146
143
144
153
165
175
189
193
198
201
208
213
217
210
118
59
73
73
79
66
136
147
154
151
146
144
141
137
130
121
114
107
132
111
130
214
218
219
215
183
88
67
87
79
68
132
171
181
180
180
160
187
122
49
53
54
73
48
73
60
68
74
52
110
64
73
91
94
133
141
126
132
134
106
49
53
66
58
56
61
64
57
74
88
79
65
114
123
123
136
143
142
145
143
150
158
166
173
181
187
192
198
202
210
215
219
221
113
64
64
76
65
144
150
154
151
148
148
145
143
139
133
128
121
133
121
173
218
220
219
203
141
59
91
94
100
66
134
172
183
184
183
162
152
88
42
45
50
62
56
46
91
62
43
73
60
90
68
76
106
122
133
141
109
122
152
54
47
62
55
51
58
63
48
64
101
101
57
109
117
137
138
143
144
143
146
150
157
165
168
177
181
187
192
201
206
213
217
224
219
85
54
60
61
152
150
153
150
149
147
145
144
140
136
131
131
140
134
199
222
221
218
181
100
86
96
98
114
57
135
173
184
183
182
163
148
97
43
48
68
57
54
49
106
55
51
69
68
75
85
98
85
105
128
150
121
72
178
97
44
62
57
49
61
63
51
62
107
108
52
106
129
138
138
141
145
146
146
152
157
162
167
172
178
185
191
199
205
211
215
221
229
184
52
52
74
151
152
152
150
150
146
144
142
142
137
132
129
147
164
210
222
221
212
150
84
93
101
109
118
50
134
172
185
184
184
167
135
101
48
52
57
49
50
55
121
57
60
46
71
67
72
101
103
86
135
152
111
59
181
91
54
65
63
50
61
54
53
74
107
107
57
108
132
133
140
141
142
145
146
152
153
160
163
169
177
183
190
194
203
211
216
220
226
223
97
41
95
148
153
154
151
149
146
143
141
139
134
128
144
186
204
219
223
219
197
114
96
97
109
114
117
46
132
173
185
184
186
166
150
81
51
58
48
44
47
85
123
45
57
64
54
53
71
87
113
74
132
143
128
85
151
90
62
68
59
55
56
56
56
86
115
120
65
108
136
136
142
142
141
141
145
150
152
157
162
169
173
180
187
194
202
210
216
219
223
228
177
35
107
148
154
152
150
148
144
142
137
135
131
128
184
217
213
222
224
214
165
98
95
103
116
110
125
45
130
174
185
186
185
167
139
60
59
46
47
47
61
98
101
44
61
60
46
60
59
67
121
90
134
145
136
156
130
87
67
59
63
58
56
52
70
112
128
115
72
112
133
138
142
142
141
142
145
148
151
155
161
166
170
178
186
193
200
208
214
218
220
225
209
35
108
146
155
150
149
146
144
143
138
136
129
131
206
224
216
223
222
198
131
102
96
107
115
100
133
48
127
174
182
179
180
165
139
79
51
46
50
59
62
66
90
50
59
54
48
64
63
70
61
126
135
129
96
129
129
120
99
75
80
56
57
55
83
121
128
111
78
118
135
139
145
145
142
138
142
145
147
153
159
163
168
174
181
192
198
206
212
216
220
223
224
103
111
146
155
148
146
145
143
144
139
133
130
141
211
218
215
225
218
168
122
105
102
110
111
96
138
54
125
173
184
184
184
166
136
68
51
45
51
52
59
58
73
55
55
58
47
57
82
66
67
112
122
119
102
78
55
55
84
103
99
59
53
66
99
127
132
102
86
128
137
142
144
144
143
139
141
144
146
152
156
163
165
173
179
187
197
204
210
215
218
221
223
163
122
147
155
148
148
143
143
144
140
134
132
146
209
215
214
225
207
140
119
107
100
108
97
93
141
62
124
170
184
183
185
165
148
82
47
41
52
76
55
55
63
58
53
67
45
55
75
89
80
109
128
95
121
112
61
57
53
65
53
55
51
79
109
127
131
85
97
134
141
144
145
145
144
141
141
142
146
152
154
161
165
171
174
184
194
202
207
213
216
220
221
195
129
145
151
148
148
149
146
145
141
136
138
142
173
193
215
223
195
125
113
101
100
97
85
108
147
73
121
169
182
183
183
166
152
89
50
49
69
51
49
60
65
62
62
58
55
78
61
80
78
72
108
99
82
141
119
54
51
53
51
47
57
93
118
126
122
73
114
139
143
146
148
147
144
143
140
142
147
150
153
158
160
165
172
182
189
198
206
212
217
220
221
217
144
118
116
128
138
146
148
147
145
142
150
149
140
164
221
221
175
117
104
96
98
84
98
105
153
75
119
167
181
183
184
168
138
90
61
51
51
48
56
62
56
73
52
47
45
63
60
93
129
64
58
84
95
110
73
52
49
49
41
53
74
107
120
127
101
80
130
139
142
146
148
146
146
145
142
141
144
149
153
158
160
166
171
176
185
195
202
212
217
220
221
224
163
81
81
89
102
114
122
131
138
148
160
146
138
185
225
210
148
103
84
96
86
87
104
99
164
83
115
163
179
183
185
171
128
102
65
52
45
55
62
60
52
68
62
48
53
50
48
87
122
126
81
96
84
58
55
45
46
44
44
65
92
119
124
115
62
106
137
140
141
145
146
146
146
143
142
139
142
146
150
153
157
163
168
174
182
192
201
209
215
218
221
224
180
86
92
86
83
76
76
80
89
119
149
169
158
202
224
183
112
75
83
88
86
105
96
94
175
94
115
163
181
181
187
173
117
100
56
49
51
60
55
55
55
67
60
57
47
54
54
52
95
143
124
98
97
46
49
46
42
41
48
78
107
120
120
76
79
129
140
141
142
144
144
148
147
145
144
142
143
142
146
151
155
161
164
171
181
188
197
206
212
217
220
223
209
95
104
103
96
83
68
53
46
63
159
201
170
213
216
146
74
67
82
82
106
102
89
92
181
109
114
162
182
183
189
169
119
98
49
52
55
47
55
53
58
63
60
55
46
52
60
62
52
101
139
111
98
48
45
44
39
45
68
92
121
120
82
66
117
135
140
142
144
144
144
148
147
149
145
143
141
144
143
149
152
159
162
168
175
183
194
203
210
215
218
221
223
136
104
111
107
95
84
69
50
53
174
203
185
212
177
75
61
75
75
98
105
84
83
96
180
120
113
162
182
185
189
172
111
84
47
49
48
51
58
49
50
73
55
75
47
65
68
72
68
77
112
107
73
48
48
42
42
58
84
107
114
72
69
108
130
134
140
143
143
144
144
147
146
147
146
146
143
145
144
147
150
154
160
167
171
178
188
198
207
213
217
219
222
170
96
109
108
99
96
84
73
77
165
213
196
159
92
57
71
70
91
108
88
79
87
112
179
123
112
160
182
185
188
174
107
80
45
53
55
56
62
52
58
80
60
90
69
59
69
73
73
77
124
89
65
43
45
46
46
71
76
60
62
92
115
127
132
135
139
142
141
144
145
147
149
151
150
149
147
144
145
144
149
153
158
163
170
177
183
193
202
210
216
219
221
195
89
102
107
104
104
96
100
97
161
202
141
85
69
76
74
92
111
94
74
76
102
115
