011110000100000000000000
001110001000001010000000
011100001000000000000000
011110000100000000001000
001110001000001010000000
011100001000000000001000
011110000100000000010000
001110001000001010000000
011100001000000000010000
011110000100000000011000
001110001000001010000000
011100001000000000011000
011110000100000000100000
001110001000001010000000
011100001000000000100000
011110000100000000101000
001110001000001010000000
011100001000000000101000
011110000100000000110000
001110001000001010000000
011100001000000000110000
011110000100000000111000
001110001000001010000000
011100001000000000111000
011110000100000001000000
001110001000001010000000
011100001000000001000000
011110000100000001001000
001110001000001010000000
011100001000000001001000
011110000100000001010000
001110001000001010000000
011100001000000001010000
011110000100000001011000
001110001000001010000000
011100001000000001011000
011110000100000001100000
001110001000001010000000
011100001000000001100000
011110000100000001101000
001110001000001010000000
011100001000000001101000
011110000100000001110000
001110001000001010000000
011100001000000001110000
011110000100000001111000
001110001000001010000000
011100001000000001111000
011110000100000010000000
001110001000001010000000
011100001000000010000000
011110000100000010001000
001110001000001010000000
011100001000000010001000
011110000100000010010000
001110001000001010000000
011100001000000010010000
011110000100000010011000
001110001000001010000000
011100001000000010011000
011110000100000010100000
001110001000001010000000
011100001000000010100000
011110000100000010101000
001110001000001010000000
011100001000000010101000
011110000100000010110000
001110001000001010000000
011100001000000010110000
011110000100000010111000
001110001000001010000000
011100001000000010111000
011110000100000011000000
001110001000001010000000
011100001000000011000000
011110000100000011001000
001110001000001010000000
011100001000000011001000
011110000100000011010000
001110001000001010000000
011100001000000011010000
011110000100000011011000
001110001000001010000000
011100001000000011011000
011110000100000011100000
001110001000001010000000
011100001000000011100000
011110000100000011101000
001110001000001010000000
011100001000000011101000
011110000100000011110000
001110001000001010000000
011100001000000011110000
011110000100000011111000
001110001000001010000000
011100001000000011111000
011110000100000100000000
001110001000001010000000
011100001000000100000000
011110000100000100001000
001110001000001010000000
011100001000000100001000
011110000100000100010000
001110001000001010000000
011100001000000100010000
011110000100000100011000
001110001000001010000000
011100001000000100011000
011110000100000100100000
001110001000001010000000
011100001000000100100000
011110000100000100101000
001110001000001010000000
011100001000000100101000
011110000100000100110000
001110001000001010000000
011100001000000100110000
011110000100000100111000
001110001000001010000000
011100001000000100111000
011110000100000101000000
001110001000001010000000
011100001000000101000000
011110000100000101001000
001110001000001010000000
011100001000000101001000
011110000100000101010000
001110001000001010000000
011100001000000101010000
011110000100000101011000
001110001000001010000000
011100001000000101011000
011110000100000101100000
001110001000001010000000
011100001000000101100000
011110000100000101101000
001110001000001010000000
011100001000000101101000
011110000100000101110000
001110001000001010000000
011100001000000101110000
011110000100000101111000
001110001000001010000000
011100001000000101111000
011110000100000110000000
001110001000001010000000
011100001000000110000000
011110000100000110001000
001110001000001010000000
011100001000000110001000
011110000100000110010000
001110001000001010000000
011100001000000110010000
011110000100000110011000
001110001000001010000000
011100001000000110011000
011110000100000110100000
001110001000001010000000
011100001000000110100000
011110000100000110101000
001110001000001010000000
011100001000000110101000
011110000100000110110000
001110001000001010000000
011100001000000110110000
011110000100000110111000
001110001000001010000000
011100001000000110111000
011110000100000111000000
001110001000001010000000
011100001000000111000000
011110000100000111001000
001110001000001010000000
011100001000000111001000
011110000100000111010000
001110001000001010000000
011100001000000111010000
011110000100000111011000
001110001000001010000000
011100001000000111011000
011110000100000111100000
001110001000001010000000
011100001000000111100000
011110000100000111101000
001110001000001010000000
011100001000000111101000
011110000100000111110000
001110001000001010000000
011100001000000111110000
011110000100000111111000
001110001000001010000000
011100001000000111111000
011110000100001000000000
001110001000001010000000
011100001000001000000000
011110000100001000001000
001110001000001010000000
011100001000001000001000
011110000100001000010000
001110001000001010000000
011100001000001000010000
011110000100001000011000
001110001000001010000000
011100001000001000011000
011110000100001000100000
001110001000001010000000
011100001000001000100000
011110000100001000101000
001110001000001010000000
011100001000001000101000
011110000100001000110000
001110001000001010000000
011100001000001000110000
011110000100001000111000
001110001000001010000000
011100001000001000111000
011110000100001001000000
001110001000001010000000
011100001000001001000000
011110000100001001001000
001110001000001010000000
011100001000001001001000
011110000100001001010000
001110001000001010000000
011100001000001001010000
011110000100001001011000
001110001000001010000000
011100001000001001011000
011110000100001001100000
001110001000001010000000
011100001000001001100000
011110000100001001101000
001110001000001010000000
011100001000001001101000
011110000100001001110000
001110001000001010000000
011100001000001001110000
011110000100001001111000
001110001000001010000000
011100001000001001111000
011110000100001010000000
001110001000001010000000
011100001000001010000000
011110000100001010001000
001110001000001010000000
011100001000001010001000
011110000100001010010000
001110001000001010000000
011100001000001010010000
011110000100001010011000
001110001000001010000000
011100001000001010011000
011110000100001010100000
001110001000001010000000
011100001000001010100000
011110000100001010101000
001110001000001010000000
011100001000001010101000
011110000100001010110000
001110001000001010000000
011100001000001010110000
011110000100001010111000
001110001000001010000000
011100001000001010111000
011110000100001011000000
001110001000001010000000
011100001000001011000000
011110000100001011001000
001110001000001010000000
011100001000001011001000
011110000100001011010000
001110001000001010000000
011100001000001011010000
011110000100001011011000
001110001000001010000000
011100001000001011011000
011110000100001011100000
001110001000001010000000
011100001000001011100000
011110000100001011101000
001110001000001010000000
011100001000001011101000
011110000100001011110000
001110001000001010000000
011100001000001011110000
011110000100001011111000
001110001000001010000000
011100001000001011111000
011110000100001100000000
001110001000001010000000
011100001000001100000000
011110000100001100001000
001110001000001010000000
011100001000001100001000
011110000100001100010000
001110001000001010000000
011100001000001100010000
011110000100001100011000
001110001000001010000000
011100001000001100011000
011110000100001100100000
001110001000001010000000
011100001000001100100000
011110000100001100101000
001110001000001010000000
011100001000001100101000
011110000100001100110000
001110001000001010000000
011100001000001100110000
011110000100001100111000
001110001000001010000000
011100001000001100111000
011110000100001101000000
001110001000001010000000
011100001000001101000000
011110000100001101001000
001110001000001010000000
011100001000001101001000
011110000100001101010000
001110001000001010000000
011100001000001101010000
011110000100001101011000
001110001000001010000000
011100001000001101011000
011110000100001101100000
001110001000001010000000
011100001000001101100000
011110000100001101101000
001110001000001010000000
011100001000001101101000
011110000100001101110000
001110001000001010000000
011100001000001101110000
011110000100001101111000
001110001000001010000000
011100001000001101111000
011110000100001110000000
001110001000001010000000
011100001000001110000000
011110000100001110001000
001110001000001010000000
011100001000001110001000
011110000100001110010000
001110001000001010000000
011100001000001110010000
011110000100001110011000
001110001000001010000000
011100001000001110011000
011110000100001110100000
001110001000001010000000
011100001000001110100000
011110000100001110101000
001110001000001010000000
011100001000001110101000
011110000100001110110000
001110001000001010000000
011100001000001110110000
011110000100001110111000
001110001000001010000000
011100001000001110111000
011110000100001111000000
001110001000001010000000
011100001000001111000000
011110000100001111001000
001110001000001010000000
011100001000001111001000
011110000100001111010000
001110001000001010000000
011100001000001111010000
011110000100001111011000
001110001000001010000000
011100001000001111011000
011110000100001111100000
001110001000001010000000
011100001000001111100000
011110000100001111101000
001110001000001010000000
011100001000001111101000
011110000100001111110000
001110001000001010000000
011100001000001111110000
011110000100001111111000
001110001000001010000000
011100001000001111111000
011110000100010000000000
001110001000001010000000
011100001000010000000000
011110000100010000001000
001110001000001010000000
011100001000010000001000
011110000100010000010000
001110001000001010000000
011100001000010000010000
011110000100010000011000
001110001000001010000000
011100001000010000011000
011110000100010000100000
001110001000001010000000
011100001000010000100000
011110000100010000101000
001110001000001010000000
011100001000010000101000
011110000100010000110000
001110001000001010000000
011100001000010000110000
011110000100010000111000
001110001000001010000000
011100001000010000111000
011110000100010001000000
001110001000001010000000
011100001000010001000000
011110000100010001001000
001110001000001010000000
011100001000010001001000
011110000100010001010000
001110001000001010000000
011100001000010001010000
011110000100010001011000
001110001000001010000000
011100001000010001011000
011110000100010001100000
001110001000001010000000
011100001000010001100000
011110000100010001101000
001110001000001010000000
011100001000010001101000
011110000100010001110000
001110001000001010000000
011100001000010001110000
011110000100010001111000
001110001000001010000000
011100001000010001111000
011110000100010010000000
001110001000001010000000
011100001000010010000000
011110000100010010001000
001110001000001010000000
011100001000010010001000
011110000100010010010000
001110001000001010000000
011100001000010010010000
011110000100010010011000
001110001000001010000000
011100001000010010011000
011110000100010010100000
001110001000001010000000
011100001000010010100000
011110000100010010101000
001110001000001010000000
011100001000010010101000
011110000100010010110000
001110001000001010000000
011100001000010010110000
011110000100010010111000
001110001000001010000000
011100001000010010111000
011110000100010011000000
001110001000001010000000
011100001000010011000000
011110000100010011001000
001110001000001010000000
011100001000010011001000
011110000100010011010000
001110001000001010000000
011100001000010011010000
011110000100010011011000
001110001000001010000000
011100001000010011011000
011110000100010011100000
001110001000001010000000
011100001000010011100000
011110000100010011101000
001110001000001010000000
011100001000010011101000
011110000100010011110000
001110001000001010000000
011100001000010011110000
011110000100010011111000
001110001000001010000000
011100001000010011111000
011110000100010100000000
001110001000001010000000
011100001000010100000000
011110000100010100001000
001110001000001010000000
011100001000010100001000
011110000100010100010000
001110001000001010000000
011100001000010100010000
011110000100010100011000
001110001000001010000000
011100001000010100011000
011110000100010100100000
001110001000001010000000
011100001000010100100000
011110000100010100101000
001110001000001010000000
011100001000010100101000
011110000100010100110000
001110001000001010000000
011100001000010100110000
011110000100010100111000
001110001000001010000000
011100001000010100111000
011110000100010101000000
001110001000001010000000
011100001000010101000000
011110000100010101001000
001110001000001010000000
011100001000010101001000
011110000100010101010000
001110001000001010000000
011100001000010101010000
011110000100010101011000
001110001000001010000000
011100001000010101011000
011110000100010101100000
001110001000001010000000
011100001000010101100000
011110000100010101101000
001110001000001010000000
011100001000010101101000
011110000100010101110000
001110001000001010000000
011100001000010101110000
011110000100010101111000
001110001000001010000000
011100001000010101111000
011110000100010110000000
001110001000001010000000
011100001000010110000000
011110000100010110001000
001110001000001010000000
011100001000010110001000
011110000100010110010000
001110001000001010000000
011100001000010110010000
011110000100010110011000
001110001000001010000000
011100001000010110011000
011110000100010110100000
001110001000001010000000
011100001000010110100000
011110000100010110101000
001110001000001010000000
011100001000010110101000
011110000100010110110000
001110001000001010000000
011100001000010110110000
011110000100010110111000
001110001000001010000000
011100001000010110111000
011110000100010111000000
001110001000001010000000
011100001000010111000000
011110000100010111001000
001110001000001010000000
011100001000010111001000
011110000100010111010000
001110001000001010000000
011100001000010111010000
011110000100010111011000
001110001000001010000000
011100001000010111011000
011110000100010111100000
001110001000001010000000
011100001000010111100000
011110000100010111101000
001110001000001010000000
011100001000010111101000
011110000100010111110000
001110001000001010000000
011100001000010111110000
011110000100010111111000
001110001000001010000000
011100001000010111111000
011110000100011000000000
001110001000001010000000
011100001000011000000000
011110000100011000001000
001110001000001010000000
011100001000011000001000
011110000100011000010000
001110001000001010000000
011100001000011000010000
011110000100011000011000
001110001000001010000000
011100001000011000011000
011110000100011000100000
001110001000001010000000
011100001000011000100000
011110000100011000101000
001110001000001010000000
011100001000011000101000
011110000100011000110000
001110001000001010000000
011100001000011000110000
011110000100011000111000
001110001000001010000000
011100001000011000111000
