011110000100000000000000
000000001100001000010000
011100001100000000000000
011110000100000000001000
000000001100001000010000
011100001100000000001000
011110000100000000010000
000000001100001000010000
011100001100000000010000
011110000100000000011000
000000001100001000010000
011100001100000000011000
011110000100000000100000
000000001100001000010000
011100001100000000100000
011110000100000000101000
000000001100001000010000
011100001100000000101000
011110000100000000110000
000000001100001000010000
011100001100000000110000
011110000100000000111000
000000001100001000010000
011100001100000000111000
011110000100000001000000
000000001100001000010000
011100001100000001000000
011110000100000001001000
000000001100001000010000
011100001100000001001000
011110000100000001010000
000000001100001000010000
011100001100000001010000
011110000100000001011000
000000001100001000010000
011100001100000001011000
011110000100000001100000
000000001100001000010000
011100001100000001100000
011110000100000001101000
000000001100001000010000
011100001100000001101000
011110000100000001110000
000000001100001000010000
011100001100000001110000
011110000100000001111000
000000001100001000010000
011100001100000001111000
011110000100000010000000
000000001100001000010000
011100001100000010000000
011110000100000010001000
000000001100001000010000
011100001100000010001000
011110000100000010010000
000000001100001000010000
011100001100000010010000
011110000100000010011000
000000001100001000010000
011100001100000010011000
011110000100000010100000
000000001100001000010000
011100001100000010100000
011110000100000010101000
000000001100001000010000
011100001100000010101000
011110000100000010110000
000000001100001000010000
011100001100000010110000
011110000100000010111000
000000001100001000010000
011100001100000010111000
011110000100000011000000
000000001100001000010000
011100001100000011000000
011110000100000011001000
000000001100001000010000
011100001100000011001000
011110000100000011010000
000000001100001000010000
011100001100000011010000
011110000100000011011000
000000001100001000010000
011100001100000011011000
011110000100000011100000
000000001100001000010000
011100001100000011100000
011110000100000011101000
000000001100001000010000
011100001100000011101000
011110000100000011110000
000000001100001000010000
011100001100000011110000
011110000100000011111000
000000001100001000010000
011100001100000011111000
011110000100000100000000
000000001100001000010000
011100001100000100000000
011110000100000100001000
000000001100001000010000
011100001100000100001000
011110000100000100010000
000000001100001000010000
011100001100000100010000
011110000100000100011000
000000001100001000010000
011100001100000100011000
011110000100000100100000
000000001100001000010000
011100001100000100100000
011110000100000100101000
000000001100001000010000
011100001100000100101000
011110000100000100110000
000000001100001000010000
011100001100000100110000
011110000100000100111000
000000001100001000010000
011100001100000100111000
011110000100000101000000
000000001100001000010000
011100001100000101000000
011110000100000101001000
000000001100001000010000
011100001100000101001000
011110000100000101010000
000000001100001000010000
011100001100000101010000
011110000100000101011000
000000001100001000010000
011100001100000101011000
011110000100000101100000
000000001100001000010000
011100001100000101100000
011110000100000101101000
000000001100001000010000
011100001100000101101000
011110000100000101110000
000000001100001000010000
011100001100000101110000
011110000100000101111000
000000001100001000010000
011100001100000101111000
011110000100000110000000
000000001100001000010000
011100001100000110000000
011110000100000110001000
000000001100001000010000
011100001100000110001000
011110000100000110010000
000000001100001000010000
011100001100000110010000
011110000100000110011000
000000001100001000010000
011100001100000110011000
011110000100000110100000
000000001100001000010000
011100001100000110100000
011110000100000110101000
000000001100001000010000
011100001100000110101000
011110000100000110110000
000000001100001000010000
011100001100000110110000
011110000100000110111000
000000001100001000010000
011100001100000110111000
011110000100000111000000
000000001100001000010000
011100001100000111000000
011110000100000111001000
000000001100001000010000
011100001100000111001000
011110000100000111010000
000000001100001000010000
011100001100000111010000
011110000100000111011000
000000001100001000010000
011100001100000111011000
011110000100000111100000
000000001100001000010000
011100001100000111100000
011110000100000111101000
000000001100001000010000
011100001100000111101000
011110000100000111110000
000000001100001000010000
011100001100000111110000
011110000100000111111000
000000001100001000010000
011100001100000111111000
011110000100001000000000
000000001100001000010000
011100001100001000000000
011110000100001000001000
000000001100001000010000
011100001100001000001000
011110000100001000010000
000000001100001000010000
011100001100001000010000
011110000100001000011000
000000001100001000010000
011100001100001000011000
011110000100001000100000
000000001100001000010000
011100001100001000100000
011110000100001000101000
000000001100001000010000
011100001100001000101000
011110000100001000110000
000000001100001000010000
011100001100001000110000
011110000100001000111000
000000001100001000010000
011100001100001000111000
011110000100001001000000
000000001100001000010000
011100001100001001000000
011110000100001001001000
000000001100001000010000
011100001100001001001000
011110000100001001010000
000000001100001000010000
011100001100001001010000
011110000100001001011000
000000001100001000010000
011100001100001001011000
011110000100001001100000
000000001100001000010000
011100001100001001100000
011110000100001001101000
000000001100001000010000
011100001100001001101000
011110000100001001110000
000000001100001000010000
011100001100001001110000
011110000100001001111000
000000001100001000010000
011100001100001001111000
011110000100001010000000
000000001100001000010000
011100001100001010000000
011110000100001010001000
000000001100001000010000
011100001100001010001000
011110000100001010010000
000000001100001000010000
011100001100001010010000
011110000100001010011000
000000001100001000010000
011100001100001010011000
011110000100001010100000
000000001100001000010000
011100001100001010100000
011110000100001010101000
000000001100001000010000
011100001100001010101000
011110000100001010110000
000000001100001000010000
011100001100001010110000
011110000100001010111000
000000001100001000010000
011100001100001010111000
011110000100001011000000
000000001100001000010000
011100001100001011000000
011110000100001011001000
000000001100001000010000
011100001100001011001000
011110000100001011010000
000000001100001000010000
011100001100001011010000
011110000100001011011000
000000001100001000010000
011100001100001011011000
011110000100001011100000
000000001100001000010000
011100001100001011100000
011110000100001011101000
000000001100001000010000
011100001100001011101000
011110000100001011110000
000000001100001000010000
011100001100001011110000
011110000100001011111000
000000001100001000010000
011100001100001011111000
011110000100001100000000
000000001100001000010000
011100001100001100000000
011110000100001100001000
000000001100001000010000
011100001100001100001000
011110000100001100010000
000000001100001000010000
011100001100001100010000
011110000100001100011000
000000001100001000010000
011100001100001100011000
